[app/install/install_source_checksum]
version = 8.2.2.1
modtime = 1657692250.171132000

[views/er_drilldown]
version = 8.2.2.1
modtime = 1659691819.632782000

[views/eclecticiq_endpoint_response]
version = 8.2.2.1
modtime = 1659686319.597666000
